
       Fecha       	 D0  	 D1  	 D2  	 D3  	 D4  	
2002/11/30 00:00:00	53.05	33.52	17.77	5.22 	 0.7 	
2002/12/31 00:00:00	52.05	32.74	16.44	5.29 	0.77 	
2003/01/31 00:00:00	52.54	32.14	16.47	5.33 	0.77 	
2003/02/28 00:00:00	57.18	31.63	14.67	4.29 	0.77 	
2003/03/31 00:00:00	52.77	32.11	14.4 	3.08 	0.77 	
2003/04/30 00:00:00	64.82	32.99	14.37	3.08 	0.77 	
2003/05/31 00:00:00	58.1 	33.18	14.67	3.08 	0.77 	
2003/06/30 00:00:00	60.37	30.33	13.98	3.08 	0.77 	
2003/07/31 00:00:00	56.83	30.7 	10.98	 2.8 	0.52 	
2003/08/31 00:00:00	  0  	  0  	  0  	  0  	  0  	
2003/09/30 00:00:00	38.58	13.49	7.61 	2.85 	  0  	
2003/10/31 00:00:00	21.23	7.54 	3.87 	2.28 	0.61 	
2003/11/30 00:00:00	21.85	7.84 	3.96 	2.27 	0.61 	
2003/12/31 00:00:00	27.38	9.42 	4.55 	2.38 	 0.9 	
2004/01/31 00:00:00	29.9 	6.88 	3.77 	2.96 	1.03 	
2004/02/29 00:00:00	  0  	  0  	  0  	  0  	  0  	
2004/03/31 00:00:00	17.95	4.53 	2.22 	1.26 	0.49 	
2004/04/30 00:00:00	9.26 	 3.8 	4.75 	0.67 	  0  	
2004/05/31 00:00:00	11.76	4.56 	1.43 	0.78 	  0  	
2004/06/30 00:00:00	18.62	4.27 	1.58 	0.57 	  0  	
2004/07/31 00:00:00	14.06	3.55 	1.31 	0.38 	  0  	
2004/08/31 00:00:00	33.35	3.25 	1.08 	0.21 	  0  	
2004/09/30 00:00:00	32.84	10.78	0.99 	0.21 	  0  	
2004/10/31 00:00:00	31.96	9.64 	 0.9 	0.16 	  0  	
2004/11/30 00:00:00	33.25	10.81	0.37 	0.04 	  0  	
2004/12/31 00:00:00	33.83	16.19	 0.4 	0.04 	  0  	
2005/01/31 00:00:00	32.34	15.55	0.27 	0.03 	  0  	
2005/02/28 00:00:00	23.7 	15.69	1.28 	  0  	  0  	
2005/03/31 00:00:00	20.93	13.67	1.28 	  0  	  0  	
2005/04/30 00:00:00	25.12	11.76	1.32 	  0  	  0  	
2005/05/31 00:00:00	28.78	9.88 	1.32 	  0  	  0  	
2005/06/30 00:00:00	24.25	5.93 	0.48 	0.11 	  0  	
2005/07/31 00:00:00	19.37	2.35 	0.01 	  0  	  0  	
2005/08/31 00:00:00	13.51	1.53 	0.04 	  0  	  0  	
2005/09/30 00:00:00	33.24	4.11 	0.39 	  0  	  0  	
2005/10/31 00:00:00	30.06	3.39 	  0  	  0  	  0  	
2005/11/30 00:00:00	29.65	3.07 	  0  	  0  	  0  	
2005/12/31 00:00:00	70.62	12.37	  0  	  0  	  0  	
2006/01/31 00:00:00	83.18	39.04	6.04 	2.04 	  0  	
2006/02/28 00:00:00	81.78	54.02	20.62	6.57 	0.16 	
2006/03/31 00:00:00	80.08	54.67	32.08	9.25 	 3.3 	
2006/04/30 00:00:00	83.67	61.95	44.01	 16  	3.74 	
2006/05/31 00:00:00	67.68	52.47	34.66	15.32	9.94 	
2006/06/30 00:00:00	75.74	61.21	45.63	24.99	6.69 	
2006/07/31 00:00:00	73.68	51.29	29.24	12.23	 2.7 	
2006/08/31 00:00:00	64.47	32.53	12.33	6.95 	 2.2 	
2006/09/30 00:00:00	31.9 	12.77	2.76 	  0  	  0  	
2006/10/31 00:00:00	36.21	16.65	3.34 	 0.3 	  0  	
2006/11/30 00:00:00	33.49	13.28	2.46 	0.79 	  0  	
2006/12/31 00:00:00	33.62	12.18	2.16 	0.95 	0.28 	
2007/01/31 00:00:00	 28  	17.03	6.54 	0.73 	0.08 	
2007/02/28 00:00:00	35.33	20.12	7.27 	0.52 	0.11 	
2007/03/31 00:00:00	44.74	26.77	8.61 	0.54 	  0  	
2007/04/30 00:00:00	64.84	47.95	25.1 	7.79 	  0  	
2007/05/31 00:00:00	57.84	35.98	13.59	4.35 	  0  	
2007/06/30 00:00:00	65.15	43.21	20.13	6.54 	  0  	
2007/07/31 00:00:00	59.28	40.47	22.75	8.87 	0.94 	
2007/08/31 00:00:00	27.12	16.02	9.52 	3.92 	  0  	
2007/09/30 00:00:00	46.06	19.02	4.88 	3.22 	  0  	
2007/10/31 00:00:00	41.83	24.31	9.82 	  4  	  0  	
2007/11/30 00:00:00	47.71	21.6 	10.12	  0  	  0  	
2007/12/31 00:00:00	49.64	23.93	9.01 	  0  	  0  	
2008/01/31 00:00:00	53.32	30.51	11.92	0.85 	  0  	
2008/02/29 00:00:00	71.15	38.1 	10.15	0.57 	  0  	
2008/03/31 00:00:00	80.44	46.36	9.08 	1.89 	  0  	
2008/04/30 00:00:00	84.48	57.36	16.47	3.62 	0.14 	
2008/05/31 00:00:00	88.77	59.38	18.47	5.49 	  0  	
2008/06/30 00:00:00	82.91	63.78	29.02	10.58	 1.6 	
2008/07/31 00:00:00	48.38	28.56	9.84 	 0.2 	  0  	
2008/08/31 00:00:00	24.54	12.4 	2.75 	  0  	  0  	
2008/09/30 00:00:00	20.12	 7.6 	 1.6 	  0  	  0  	
2008/10/31 00:00:00	18.82	6.52 	2.53 	  0  	  0  	
2008/11/30 00:00:00	26.67	8.35 	2.62 	  0  	  0  	
2008/12/31 00:00:00	35.99	 9.8 	2.34 	  0  	  0  	
2009/01/30 00:00:00	44.8 	16.14	2.95 	 0.1 	  0  	
2009/02/28 00:00:00	50.81	16.87	3.19 	0.26 	  0  	
2009/03/31 00:00:00	54.45	19.73	 2.3 	0.04 	  0  	
2009/04/30 00:00:00	54.36	24.78	5.84 	0.09 	  0  	
2009/05/30 00:00:00	53.44	26.19	6.73 	0.13 	  0  	
2009/06/30 00:00:00	52.14	23.62	6.39 	0.13 	  0  	
2009/07/31 00:00:00	63.87	28.11	9.93 	0.53 	  0  	
2009/08/31 00:00:00	70.13	48.49	16.12	3.81 	0.17 	
2009/09/30 00:00:00	53.13	28.64	18.62	3.58 	0.32 	
2009/10/31 00:00:00	46.57	26.6 	15.76	4.69 	0.85 	
2009/11/30 00:00:00	50.98	33.18	14.74	2.55 	 0.3 	
2009/12/31 00:00:00	51.32	30.92	12.46	  3  	  0  	
2010/01/31 00:00:00	47.97	25.27	12.87	3.07 	  0  	
2010/02/28 00:00:00	30.98	18.81	12.59	4.58 	  0  	
2010/03/31 00:00:00	27.17	19.02	13.38	4.89 	  0  	
2010/04/30 00:00:00	27.56	19.4 	13.07	4.35 	  0  	
2010/05/31 00:00:00	28.43	19.2 	13.49	2.93 	  0  	
2010/06/30 00:00:00	26.61	16.43	9.66 	0.95 	  0  	
2010/07/31 00:00:00	14.44	6.18 	 1.8 	1.11 	  0  	
2010/08/31 00:00:00	 5.9 	1.99 	 0.8 	  0  	  0  	
2010/09/30 00:00:00	10.48	1.44 	  0  	  0  	  0  	
2010/10/31 00:00:00	30.74	12.17	3.51 	  0  	  0  	
2010/11/30 00:00:00	30.74	12.17	3.51 	  0  	  0  	
2010/12/31 00:00:00	40.19	17.88	4.23 	0.31 	  0  	
2011/01/31 00:00:00	46.28	14.53	6.42 	0.18 	  0  	
2011/02/28 00:00:00	49.12	22.71	10.24	 0.5 	  0  	
2011/03/31 00:00:00	86.7 	67.93	36.1 	19.29	  0  	
2011/04/30 00:00:00	95.12	87.01	62.78	40.7 	3.55 	
2011/05/31 00:00:00	93.5 	86.55	69.87	44.83	4.51 	
2011/06/30 00:00:00	92.82	85.07	74.22	47.25	22.97	
2011/07/31 00:00:00	86.16	74.19	54.71	31.25	11.9 	
2011/08/31 00:00:00	82.99	68.04	47.82	24.52	5.03 	
2011/09/30 00:00:00	65.9 	55.13	41.94	21.24	6.43 	
2011/10/31 00:00:00	71.94	61.08	53.9 	35.03	12.78	
2011/11/30 00:00:00	71.95	58.12	48.3 	33.65	11.16	
2011/12/31 00:00:00	69.41	54.65	42.52	29.31	9.72 	
2012/01/31 00:00:00	68.97	56.24	39.72	27.26	7.54 	
2012/02/29 00:00:00	60.43	48.8 	33.26	20.99	3.63 	
2012/03/31 00:00:00	58.31	46.2 	32.18	13.31	1.26 	
2012/04/30 00:00:00	56.47	45.57	31.77	10.45	1.31 	
2012/05/31 00:00:00	53.88	39.78	23.86	5.02 	  0  	
2012/06/30 00:00:00	47.83	37.13	19.85	4.24 	  0  	
2012/07/31 00:00:00	45.84	29.99	10.49	0.84 	  0  	
2012/08/31 00:00:00	38.64	23.24	8.15 	1.13 	  0  	
2012/09/30 00:00:00	34.63	19.69	2.64 	0.52 	  0  	
2012/10/31 00:00:00	33.82	16.52	2.05 	 0.3 	  0  	
2012/11/30 00:00:00	34.38	16.12	3.05 	0.32 	  0  	
2013/01/01 00:00:00	37.93	15.02	3.58 	0.53 	0.01 	
2013/01/31 00:00:00	37.44	16.18	3.49 	0.43 	0.02 	
2013/02/28 00:00:00	43.24	17.05	4.36 	  2  	0.01 	
2013/03/31 00:00:00	38.05	14.75	4.62 	2.24 	0.66 	
2013/04/30 00:00:00	53.81	19.63	 7.4 	2.55 	 0.4 	
2013/05/31 00:00:00	58.2 	23.97	7.46 	1.48 	0.16 	
2013/06/30 00:00:00	49.34	 20  	6.96 	1.12 	0.13 	
2013/07/31 00:00:00	44.54	13.33	 2.8 	0.71 	0.12 	
2013/08/31 00:00:00	41.04	8.89 	1.84 	0.69 	0.14 	
2013/09/30 00:00:00	17.41	3.78 	0.42 	0.03 	0.01 	
2013/10/30 00:00:00	7.63 	1.38 	0.19 	  0  	  0  	
2013/11/30 00:00:00	16.82	3.04 	0.35 	0.03 	0.01 	
2013/12/31 00:00:00	6.83 	0.83 	0.09 	  0  	  0  	
2014/01/31 00:00:00	15.14	3.68 	0.41 	  0  	  0  	
2014/02/28 00:00:00	21.82	5.05 	1.22 	0.23 	  0  	
2014/03/31 00:00:00	28.84	6.59 	2.06 	0.31 	  0  	
2014/04/30 00:00:00	37.97	8.73 	2.35 	0.42 	  0  	
2014/05/31 00:00:00	37.55	10.29	3.23 	0.49 	0.04 	
2014/06/30 00:00:00	43.29	16.7 	8.12 	1.27 	  0  	
2014/07/31 00:00:00	43.88	16.82	5.71 	0.67 	  0  	
2014/08/31 00:00:00	43.36	14.5 	2.17 	0.37 	  0  	
2014/09/30 00:00:00	28.54	6.87 	0.76 	0.34 	  0  	
2014/10/29 00:00:00	21.47	5.65 	0.76 	0.34 	  0  	
2014/11/28 00:00:00	15.41	4.34 	0.72 	0.34 	  0  	
2014/12/30 00:00:00	17.48	3.94 	0.69 	0.13 	  0  	
2015/01/29 00:00:00	14.66	 3.3 	0.69 	0.13 	  0  	
2015/02/26 00:00:00	16.2 	4.68 	  1  	0.19 	  0  	
2015/03/30 00:00:00	13.87	4.98 	2.07 	 0.9 	  0  	
2015/04/28 00:00:00	14.49	4.66 	2.04 	0.75 	  0  	
2015/05/30 00:00:00	15.86	4.08 	1.85 	0.59 	  0  	
2015/06/30 00:00:00	17.09	4.52 	1.63 	0.59 	  0  	
2015/07/31 00:00:00	30.37	8.66 	2.16 	0.59 	  0  	
2015/08/31 00:00:00	40.7 	13.24	3.25 	0.63 	  0  	
2015/09/30 00:00:00	45.21	14.1 	2.92 	0.59 	  0  	
2015/10/31 00:00:00	33.05	10.26	2.52 	0.47 	  0  	
2015/11/30 00:00:00	26.35	7.61 	1.78 	0.42 	  0  	
2015/12/31 00:00:00	18.35	4.46 	 1.4 	0.45 	  0  	
2016/01/31 00:00:00	16.18	3.73 	1.41 	 0.4 	  0  	
2016/02/29 00:00:00	31.72	6.53 	1.71 	0.57 	  0  	
2016/03/15 00:00:00	29.22	6.95 	2.46 	 0.7 	  0  	
2016/03/31 00:00:00	37.27	10.48	2.86 	0.75 	  0  	
2016/04/15 00:00:00	43.28	14.95	2.38 	0.44 	  0  	
2016/04/30 00:00:00	39.9 	14.36	2.75 	0.37 	  0  	
2016/05/15 00:00:00	41.37	 14  	2.56 	0.19 	  0  	
2016/05/31 00:00:00	40.83	14.27	2.44 	0.19 	  0  	
2016/06/15 00:00:00	50.78	15.88	2.64 	0.19 	  0  	
2016/06/30 00:00:00	54.44	14.94	2.77 	0.27 	  0  	
2016/07/15 00:00:00	53.42	15.15	3.11 	0.39 	  0  	
2016/07/31 00:00:00	56.71	16.59	3.22 	0.52 	  0  	
2016/08/15 00:00:00	45.69	14.08	 2.4 	0.29 	  0  	
2016/08/31 00:00:00	30.01	11.59	2.39 	0.27 	  0  	
2016/09/15 00:00:00	20.3 	7.42 	1.83 	0.19 	  0  	
2016/09/30 00:00:00	21.55	6.55 	1.68 	0.17 	  0  	
2016/10/15 00:00:00	24.02	7.53 	1.75 	0.17 	  0  	
2016/10/31 00:00:00	26.84	 8.7 	1.75 	0.17 	  0  	
2016/11/15 00:00:00	22.15	7.97 	1.56 	0.17 	  0  	
2016/11/30 00:00:00	30.08	10.9 	3.28 	0.17 	  0  	
2016/12/15 00:00:00	33.83	11.13	2.89 	0.17 	  0  	
2016/12/31 00:00:00	32.64	11.25	 2.2 	0.19 	  0  	
2017/01/15 00:00:00	26.71	8.96 	2.05 	0.34 	  0  	
2017/01/31 00:00:00	28.67	7.22 	1.29 	0.31 	  0  	
2017/02/15 00:00:00	33.08	7.36 	1.15 	0.35 	  0  	
2017/02/28 00:00:00	37.27	9.98 	1.76 	0.35 	  0  	
2017/03/15 00:00:00	36.75	9.58 	1.67 	0.34 	  0  	
2017/03/31 00:00:00	35.24	9.71 	1.85 	0.33 	  0  	
2017/04/15 00:00:00	35.05	9.23 	1.48 	0.33 	  0  	
2017/04/30 00:00:00	34.3 	8.24 	1.39 	0.39 	  0  	
2017/05/15 00:00:00	32.5 	 7.4 	1.18 	0.25 	  0  	
2017/05/31 00:00:00	33.77	3.97 	0.12 	  0  	  0  	
2017/06/15 00:00:00	39.18	4.45 	 0.1 	  0  	  0  	
2017/06/30 00:00:00	50.2 	12.28	0.94 	  0  	  0  	
2017/07/15 00:00:00	47.48	11.82	1.68 	  0  	  0  	
2017/07/31 00:00:00	40.93	9.08 	1.22 	  0  	  0  	
2017/08/15 00:00:00	31.88	6.13 	1.68 	  0  	  0  	
2017/08/31 00:00:00	23.78	1.99 	0.16 	  0  	  0  	
2017/09/15 00:00:00	 25  	 2.5 	0.05 	  0  	  0  	
2017/09/30 00:00:00	23.88	2.71 	 0.1 	  0  	  0  	
2017/10/15 00:00:00	15.57	1.49 	0.05 	  0  	  0  	
2017/10/31 00:00:00	20.07	2.96 	0.19 	  0  	  0  	
2017/11/15 00:00:00	22.73	3.16 	0.19 	  0  	  0  	
2017/11/30 00:00:00	27.91	8.19 	1.28 	  0  	  0  	
2017/12/15 00:00:00	26.36	7.91 	1.31 	  0  	  0  	
2017/12/31 00:00:00	31.8 	9.31 	2.05 	  0  	  0  	
2018/01/15 00:00:00	33.13	10.57	2.56 	  0  	  0  	
2018/01/31 00:00:00	38.46	17.98	5.14 	0.52 	  0  	
2018/02/15 00:00:00	43.15	19.93	5.89 	 0.4 	  0  	
2018/02/28 00:00:00	46.65	21.92	6.24 	0.66 	  0  	
2018/03/15 00:00:00	52.54	23.71	9.25 	0.98 	  0  	
2018/03/31 00:00:00	58.01	28.7 	11.59	2.13 	  0  	
2018/04/15 00:00:00	60.35	33.62	13.41	4.12 	  0  	
2018/04/30 00:00:00	58.91	34.73	14.1 	4.74 	  0  	
2018/05/15 00:00:00	56.03	31.74	15.22	4.82 	  0  	
2018/05/31 00:00:00	54.24	29.13	14.76	4.53 	  0  	
2018/06/15 00:00:00	46.16	15.28	6.95 	 2.3 	  0  	
2018/06/30 00:00:00	43.94	12.9 	6.45 	1.95 	0.09 	
2018/07/15 00:00:00	47.17	13.65	5.77 	1.43 	  0  	
2018/07/31 00:00:00	55.43	15.49	6.04 	1.14 	0.09 	
2018/08/15 00:00:00	60.63	21.99	6.09 	1.03 	  0  	
2018/08/31 00:00:00	57.54	23.07	5.86 	1.24 	  0  	
2018/09/15 00:00:00	43.05	16.78	4.96 	1.34 	  0  	
2018/09/30 00:00:00	31.73	14.4 	5.31 	1.01 	  0  	
2018/10/15 00:00:00	30.63	13.59	4.93 	1.33 	  0  	
2018/10/31 00:00:00	21.52	8.67 	3.18 	1.06 	  0  	
2018/11/15 00:00:00	19.54	7.54 	2.27 	0.47 	  0  	
2018/11/30 00:00:00	20.63	8.42 	2.37 	0.23 	  0  	
2018/12/31 00:00:00	22.31	6.61 	1.04 	0.07 	  0  	
2019/01/15 00:00:00	22.15	6.52 	0.75 	0.07 	  0  	
2019/01/31 00:00:00	24.18	6.61 	 0.8 	0.07 	  0  	
2019/02/15 00:00:00	30.76	7.33 	1.34 	0.15 	  0  	
2019/02/28 00:00:00	40.32	10.46	1.69 	0.15 	  0  	
2019/03/15 00:00:00	45.52	12.68	1.74 	 0.1 	  0  	
2019/03/31 00:00:00	45.98	11.43	1.76 	 0.1 	  0  	
2019/04/15 00:00:00	50.1 	12.4 	2.38 	 0.1 	  0  	
2019/04/30 00:00:00	55.44	16.71	3.47 	 0.6 	  0  	
2019/05/15 00:00:00	56.18	21.13	3.98 	 0.6 	  0  	
2019/05/31 00:00:00	54.26	19.02	3.23 	0.42 	  0  	
2019/06/15 00:00:00	49.79	14.89	  3  	0.42 	  0  	
2019/06/30 00:00:00	59.47	21.47	4.64 	0.82 	  0  	
2019/07/15 00:00:00	62.45	26.21	 5.4 	 1.1 	  0  	
2019/07/31 00:00:00	64.35	30.97	6.71 	1.53 	0.21 	
2019/08/15 00:00:00	66.43	31.39	8.38 	2.41 	0.23 	
2019/08/31 00:00:00	66.66	30.7 	9.84 	2.71 	0.23 	
2019/09/15 00:00:00	62.95	30.79	10.74	3.01 	0.26 	
2019/09/30 00:00:00	55.75	26.48	11.18	3.82 	0.42 	
2019/10/15 00:00:00	49.81	24.43	9.51 	 3.5 	0.42 	
2019/10/31 00:00:00	46.75	20.64	7.26 	1.84 	  0  	
2019/11/15 00:00:00	40.31	13.56	4.67 	0.68 	  0  	
2019/11/30 00:00:00	30.31	12.5 	4.22 	0.51 	  0  	
2019/12/15 00:00:00	27.47	11.01	3.13 	0.47 	  0  	
2019/12/31 00:00:00	24.59	9.61 	 2.4 	0.34 	  0  	
2020/01/15 00:00:00	24.07	8.07 	2.38 	0.39 	  0  	
2020/01/31 00:00:00	23.54	 7.2 	2.13 	 0.2 	  0  	
2020/02/15 00:00:00	25.74	8.12 	2.55 	0.24 	  0  	
2020/02/29 00:00:00	29.09	9.47 	3.61 	0.44 	  0  	
2020/03/15 00:00:00	29.89	8.97 	 3.1 	0.44 	  0  	
2020/03/31 00:00:00	34.74	9.86 	3.18 	0.59 	0.03 	
2020/04/15 00:00:00	38.94	13.47	5.55 	 0.4 	0.02 	
2020/04/30 00:00:00	40.1 	14.3 	5.64 	0.28 	  0  	
2020/05/15 00:00:00	39.56	10.68	1.68 	0.07 	  0  	
2020/05/31 00:00:00	31.98	8.01 	0.61 	  0  	  0  	
2020/06/15 00:00:00	39.42	12.35	1.87 	  0  	  0  	
2020/06/30 00:00:00	47.35	17.8 	4.55 	0.17 	  0  	
2020/07/15 00:00:00	46.63	17.17	4.94 	0.21 	  0  	
2020/07/31 00:00:00	47.78	15.09	5.38 	0.42 	  0  	
2020/08/15 00:00:00	52.51	19.68	6.51 	0.43 	  0  	
2020/08/31 00:00:00	58.76	25.66	8.26 	0.84 	  0  	
2020/09/15 00:00:00	56.76	24.28	7.01 	0.68 	  0  	
2020/09/30 00:00:00	59.86	29.77	 9.4 	0.73 	  0  	
2020/10/15 00:00:00	58.69	35.63	10.73	1.13 	  0  	
2020/10/31 00:00:00	63.85	37.9 	13.44	2.51 	  0  	
2020/11/15 00:00:00	69.43	41.97	21.49	3.83 	  0  	
2020/11/30 00:00:00	71.48	47.16	27.25	8.24 	0.67 	
2020/12/15 00:00:00	75.66	52.51	30.07	9.09 	0.67 	
2020/12/31 00:00:00	78.42	55.04	30.41	9.75 	0.65 	
2021/01/15 00:00:00	79.9 	57.18	31.87	9.81 	0.46 	
2021/01/31 00:00:00	79.12	57.63	29.8 	7.73 	0.45 	
2021/02/15 00:00:00	80.43	60.27	28.24	 7.5 	0.45 	
2021/02/28 00:00:00	82.87	63.58	31.17	6.86 	 0.4 	
2021/03/15 00:00:00	83.27	65.21	32.99	7.42 	0.45 	
2021/03/31 00:00:00	83.92	71.52	42.41	10.07	0.54 	
2021/04/15 00:00:00	84.96	72.75	47.71	12.8 	0.82 	
2021/04/30 00:00:00	87.56	75.27	54.04	15.24	1.18 	
2021/05/15 00:00:00	85.12	75.63	54.82	17.15	 2.1 	
2021/05/31 00:00:00	80.47	72.63	53.92	19.63	2.47 	
2021/06/15 00:00:00	76.24	67.41	48.59	21.31	2.79 	
2021/06/30 00:00:00	56.23	43.19	26.9 	10.8 	2.21 	
2021/07/15 00:00:00	42.62	28.04	15.69	6.09 	1.35 	
2021/07/31 00:00:00	36.51	22.88	9.96 	2.46 	0.03 	
2021/08/15 00:00:00	33.06	16.5 	5.31 	0.21 	  0  	
2021/08/31 00:00:00	23.08	10.61	3.05 	0.21 	  0  	
2021/09/15 00:00:00	17.02	7.93 	2.91 	0.11 	  0  	
2021/09/30 00:00:00	28.04	8.02 	3.03 	0.11 	  0  	
2021/10/15 00:00:00	33.87	8.28 	2.72 	0.11 	  0  	
2021/10/31 00:00:00	36.54	7.89 	2.33 	0.06 	  0  	
2021/11/15 00:00:00	38.07	8.53 	 2.3 	  0  	  0  	
2021/11/30 00:00:00	38.98	9.13 	2.12 	  0  	  0  	
2021/12/15 00:00:00	44.45	9.39 	2.49 	  0  	  0  	
2021/12/31 00:00:00	51.72	12.67	3.08 	0.21 	  0  	
2022/01/15 00:00:00	49.16	13.08	3.12 	0.25 	  0  	
2022/01/31 00:00:00	54.43	14.37	3.26 	0.26 	  0  	
2022/02/15 00:00:00	56.31	13.15	 3.1 	0.29 	  0  	
2022/02/28 00:00:00	66.21	23.1 	7.12 	1.34 	  0  	
2022/03/15 00:00:00	68.9 	30.4 	9.58 	2.58 	0.07 	
2022/03/31 00:00:00	74.22	46.01	11.84	 3.2 	0.07 	
2022/04/15 00:00:00	74.22	46.01	11.84	 3.2 	0.07 	
2022/04/30 00:00:00	77.72	55.19	29.46	5.78 	0.92 	
2022/05/15 00:00:00	81.33	56.87	33.58	7.95 	0.96 	
2022/05/31 00:00:00	77.68	56.17	32.42	9.98 	0.77 	
2022/06/15 00:00:00	72.58	 53  	31.17	10.99	0.77 	
2022/06/30 00:00:00	67.65	47.48	25.89	8.17 	0.95 	
2022/07/15 00:00:00	70.01	47.59	25.59	7.59 	1.23 	
2022/07/31 00:00:00	64.83	41.06	22.81	6.17 	0.83 	
2022/08/15 00:00:00	57.51	35.34	20.72	4.53 	0.12 	
2022/08/31 00:00:00	51.5 	27.05	10.21	0.98 	  0  	
2022/09/15 00:00:00	35.64	14.27	4.29 	  0  	  0  	
2022/09/30 00:00:00	30.04	12.66	 3.9 	  0  	  0  	
2022/10/15 00:00:00	25.4 	10.06	3.36 	  0  	  0  	
2022/10/31 00:00:00	22.16	7.42 	2.24 	  0  	  0  	
2022/11/15 00:00:00	28.56	8.22 	1.99 	0.15 	  0  	
2022/11/30 00:00:00	39.39	9.72 	1.54 	0.15 	  0  	
2022/12/15 00:00:00	49.2 	14.87	1.96 	0.15 	  0  	
2022/12/31 00:00:00	64.64	18.89	 2.7 	0.15 	  0  	
2023/01/15 00:00:00	79.51	35.33	5.45 	0.15 	  0  	
2023/01/31 00:00:00	81.9 	44.27	9.44 	0.71 	  0  	
2023/02/15 00:00:00	81.94	46.28	12.38	0.81 	  0  	
2023/02/28 00:00:00	76.65	50.16	19.81	1.61 	  0  	
2023/03/15 00:00:00	74.58	51.08	22.66	1.82 	  0  	
2023/03/31 00:00:00	71.59	46.83	22.66	1.61 	  0  	
2023/04/30 00:00:00	71.08	47.95	22.57	1.03 	  0  	
2023/05/15 00:00:00	66.34	44.23	22.21	0.67 	  0  	
2023/05/31 00:00:00	61.6 	33.05	15.62	0.67 	  0  	
2023/06/15 00:00:00	65.59	34.52	17.93	2.33 	  0  	
2023/06/30 00:00:00	70.75	41.5 	25.72	5.65 	  0  	
2023/07/15 00:00:00	76.07	43.26	20.5 	6.72 	  0  	
2023/07/31 00:00:00	87.27	49.05	23.76	 6.6 	  0  	
2023/08/15 00:00:00	88.5 	55.78	25.66	6.86 	  0  	
2023/08/31 00:00:00	85.61	60.98	31.99	 7.5 	  0  	
2023/09/15 00:00:00	85.43	67.08	46.78	17.92	  0  	
2023/09/30 00:00:00	88.88	74.96	55.79	31.63	1.84 	
2023/10/15 00:00:00	81.48	66.16	51.13	24.83	1.59 	
2023/10/31 00:00:00	77.76	59.06	42.44	19.35	0.82 	
2023/11/15 00:00:00	71.47	55.4 	39.97	19.11	0.81 	
2023/11/30 00:00:00	69.09	53.56	39.1 	19.66	0.81 	
2023/12/15 00:00:00	62.24	47.07	32.49	16.49	0.46 	
2023/12/31 00:00:00	76.12	54.84	37.58	20.81	3.03 	
2024/01/15 00:00:00	81.87	61.59	45.35	28.79	8.91 	
2024/01/31 00:00:00	76.21	60.45	46.08	28.98	9.19 	
2024/02/15 00:00:00	74.91	59.86	45.93	28.43	9.15 	
2024/02/29 00:00:00	70.67	56.64	40.38	25.27	9.18 	
2024/03/15 00:00:00	72.63	58.17	41.86	26.07	9.93 	
2024/03/31 00:00:00	74.43	57.5 	41.9 	26.03	9.72 	